1.00 10.00
1.00 9.90
1.00 9.80
1.00 9.71
1.00 9.61
1.01 10.00
1.01 10.00
1.01 10.00
1.01 10.00
1.01 10.00
1.02 10.00
1.02 10.10
1.02 10.20
1.02 10.29
1.02 10.39
1.03 10.00
1.03 10.20
1.03 10.40
1.03 10.60
1.03 10.80
1.04 10.00
1.04 10.30
1.04 10.60
1.04 10.90
1.04 11.22
1.05 10.00
1.05 10.39
1.05 10.80
1.05 11.22
1.05 11.65
1.06 10.00
1.06 10.49
1.06 11.01
1.06 11.54
1.06 12.09
1.07 10.00
1.07 10.59
1.07 11.21
1.07 11.86
1.07 12.54
1.08 10.00
1.08 10.69
1.08 11.42
1.08 12.20
1.08 13.01
1.09 10.00
1.09 10.79
1.09 11.64
1.09 12.53
1.09 13.49
1.10 10.00
1.10 10.89
1.10 11.85
1.10 12.88
1.10 13.98
1.11 10.00
1.11 10.99
1.11 12.06
1.11 13.23
1.11 14.49
1.12 10.00
1.12 11.09
1.12 12.28
1.12 13.59
1.12 15.01
1.13 10.00
1.13 11.19
1.13 12.50
1.13 13.95
1.13 15.54
1.14 10.00
1.14 11.29
1.14 12.72
1.14 14.32
1.14 16.09
1.15 10.00
1.15 11.39
1.15 12.94
1.15 14.69
1.15 16.65
1.16 10.00
1.16 11.48
1.16 13.17
1.16 15.07
1.16 17.22
1.17 10.00
1.17 11.58
1.17 13.40
1.17 15.46
1.17 17.81
1.18 10.00
1.18 11.68
1.18 13.62
1.18 15.86
1.18 18.41
1.19 10.00
1.19 11.78
1.19 13.85
1.19 16.26
1.19 19.03
1.20 10.00
1.20 11.88
1.20 14.09
1.20 16.67
1.20 19.67
1.21 10.00
1.21 11.98
1.21 14.32
1.21 17.08
1.21 20.31
1.22 10.00
1.22 12.08
1.22 14.56
1.22 17.50
1.22 20.98
1.23 10.00
1.23 12.18
1.23 14.80
1.23 17.93
1.23 21.66
1.24 10.00
1.24 12.28
1.24 15.04
1.24 18.36
1.24 22.35
1.25 10.00
1.25 12.38
1.25 15.28
1.25 18.80
1.25 23.06
1.26 10.00
1.26 12.47
1.26 15.52
1.26 19.25
1.26 23.79
1.27 10.00
1.27 12.57
1.27 15.77
1.27 19.71
1.27 24.54
1.28 10.00
1.28 12.67
1.28 16.01
1.28 20.17
1.28 25.30
1.29 10.00
1.29 12.77
1.29 16.26
1.29 20.64
1.29 26.08
1.30 10.00
1.30 12.87
1.30 16.52
1.30 21.12
1.30 26.87
1.31 10.00
1.31 12.97
1.31 16.77
1.31 21.60
1.31 27.68
1.32 10.00
1.32 13.07
1.32 17.02
1.32 22.09
1.32 28.51
1.33 10.00
1.33 13.17
1.33 17.28
1.33 22.59
1.33 29.36
1.34 10.00
1.34 13.27
1.34 17.54
1.34 23.09
1.34 30.23
1.35 10.00
1.35 13.37
1.35 17.80
1.35 23.60
1.35 31.11
1.36 10.00
1.36 13.46
1.36 18.06
1.36 24.12
1.36 32.02
1.37 10.00
1.37 13.56
1.37 18.33
1.37 24.65
1.37 32.94
1.38 10.00
1.38 13.66
1.38 18.60
1.38 25.19
1.38 33.88
1.39 10.00
1.39 13.76
1.39 18.86
1.39 25.73
1.39 34.84
1.40 10.00
1.40 13.86
1.40 19.14
1.40 26.28
1.40 35.82
1.41 10.00
1.41 13.96
1.41 19.41
1.41 26.83
1.41 36.82
1.42 10.00
1.42 14.06
1.42 19.68
1.42 27.40
1.42 37.84
1.43 10.00
1.43 14.16
1.43 19.96
1.43 27.97
1.43 38.88
1.44 10.00
1.44 14.26
1.44 20.24
1.44 28.55
1.44 39.94
1.45 10.00
1.45 14.36
1.45 20.52
1.45 29.14
1.45 41.02
1.46 10.00
1.46 14.45
1.46 20.80
1.46 29.73
1.46 42.12
1.47 10.00
1.47 14.55
1.47 21.08
1.47 30.34
1.47 43.24
1.48 10.00
1.48 14.65
1.48 21.37
1.48 30.95
1.48 44.39
1.49 10.00
1.49 14.75
1.49 21.65
1.49 31.57
1.49 45.55
1.50 10.00
1.50 14.85
1.50 21.94
1.50 32.19
1.50 46.74
1.51 10.00
1.51 14.95
1.51 22.24
1.51 32.83
1.51 47.94
1.52 10.00
1.52 15.05
1.52 22.53
1.52 33.47
1.52 49.17
1.53 10.00
1.53 15.15
1.53 22.82
1.53 34.12
1.53 50.43
1.54 10.00
1.54 15.25
1.54 23.12
1.54 34.78
1.54 51.70
1.55 10.00
1.55 15.35
1.55 23.42
1.55 35.45
1.55 53.00
1.56 10.00
1.56 15.44
1.56 23.72
1.56 36.13
1.56 54.32
1.57 10.00
1.57 15.54
1.57 24.02
1.57 36.81
1.57 55.66
1.58 10.00
1.58 15.64
1.58 24.33
1.58 37.50
1.58 57.03
1.59 10.00
1.59 15.74
1.59 24.63
1.59 38.20
1.59 58.42
1.60 10.00
1.60 15.84
1.60 24.94
1.60 38.91
1.60 59.84
1.61 10.00
1.61 15.94
1.61 25.25
1.61 39.63
1.61 61.28
1.62 10.00
1.62 16.04
1.62 25.56
1.62 40.36
1.62 62.74
1.63 10.00
1.63 16.14
1.63 25.88
1.63 41.09
1.63 64.23
1.64 10.00
1.64 16.24
1.64 26.19
1.64 41.83
1.64 65.74
1.65 10.00
1.65 16.34
1.65 26.51
1.65 42.59
1.65 67.27
1.66 10.00
1.66 16.43
1.66 26.83
1.66 43.35
1.66 68.84
1.67 10.00
1.67 16.53
1.67 27.15
1.67 44.12
1.67 70.42
1.68 10.00
1.68 16.63
1.68 27.48
1.68 44.89
1.68 72.03
1.69 10.00
1.69 16.73
1.69 27.80
1.69 45.68
1.69 73.67
1.70 10.00
1.70 16.83
1.70 28.13
1.70 46.47
1.70 75.34
1.71 10.00
1.71 16.93
1.71 28.46
1.71 47.28
1.71 77.02
1.72 10.00
1.72 17.03
1.72 28.79
1.72 48.09
1.72 78.74
1.73 10.00
1.73 17.13
1.73 29.12
1.73 48.91
1.73 80.48
1.74 10.00
1.74 17.23
1.74 29.46
1.74 49.75
1.74 82.25
1.75 10.00
1.75 17.33
1.75 29.79
1.75 50.59
1.75 84.05
1.76 10.00
1.76 17.42
1.76 30.13
1.76 51.43
1.76 85.87
1.77 10.00
1.77 17.52
1.77 30.47
1.77 52.29
1.77 87.72
1.78 10.00
1.78 17.62
1.78 30.81
1.78 53.16
1.78 89.59
1.79 10.00
1.79 17.72
1.79 31.16
1.79 54.04
1.79 91.50
1.80 10.00
1.80 17.82
1.80 31.50
1.80 54.92
1.80 93.43
1.81 10.00
1.81 17.92
1.81 31.85
1.81 55.82
1.81 95.39
1.82 10.00
1.82 18.02
1.82 32.20
1.82 56.72
1.82 97.38
1.83 10.00
1.83 18.12
1.83 32.55
1.83 57.63
1.83 99.39
1.84 10.00
1.84 18.22
1.84 32.91
1.84 58.56
1.84 101.43
1.85 10.00
1.85 18.32
1.85 33.26
1.85 59.49
1.85 103.51
1.86 10.00
1.86 18.41
1.86 33.62
1.86 60.43
1.86 105.61
1.87 10.00
1.87 18.51
1.87 33.98
1.87 61.38
1.87 107.74
1.88 10.00
1.88 18.61
1.88 34.34
1.88 62.34
1.88 109.89
1.89 10.00
1.89 18.71
1.89 34.70
1.89 63.31
1.89 112.08
1.90 10.00
1.90 18.81
1.90 35.07
1.90 64.29
1.90 114.30
1.91 10.00
1.91 18.91
1.91 35.43
1.91 65.28
1.91 116.54
1.92 10.00
1.92 19.01
1.92 35.80
1.92 66.28
1.92 118.82
1.93 10.00
1.93 19.11
1.93 36.17
1.93 67.29
1.93 121.13
1.94 10.00
1.94 19.21
1.94 36.54
1.94 68.30
1.94 123.46
1.95 10.00
1.95 19.31
1.95 36.92
1.95 69.33
1.95 125.82
1.96 10.00
1.96 19.40
1.96 37.29
1.96 70.37
1.96 128.22
1.97 10.00
1.97 19.50
1.97 37.67
1.97 71.42
1.97 130.64
1.98 10.00
1.98 19.60
1.98 38.05
1.98 72.47
1.98 133.10
1.99 10.00
1.99 19.70
1.99 38.43
1.99 73.54
1.99 135.59
2.00 10.00
2.00 19.80
2.00 38.82
2.00 74.62
2.00 138.10
2.01 10.00
2.01 19.90
2.01 39.20
2.01 75.71
2.01 140.65
2.02 10.00
2.02 20.00
2.02 39.59
2.02 76.80
2.02 143.23
2.03 10.00
2.03 20.10
2.03 39.98
2.03 77.91
2.03 145.83
2.04 10.00
2.04 20.20
2.04 40.37
2.04 79.03
2.04 148.47
2.05 10.00
2.05 20.29
2.05 40.76
2.05 80.15
2.05 151.14
2.06 10.00
2.06 20.39
2.06 41.15
2.06 81.29
2.06 153.84
2.07 10.00
2.07 20.49
2.07 41.55
2.07 82.44
2.07 156.58
2.08 10.00
2.08 20.59
2.08 41.95
2.08 83.59
2.08 159.34
2.09 10.00
2.09 20.69
2.09 42.35
2.09 84.76
2.09 162.14
2.10 10.00
2.10 20.79
2.10 42.75
2.10 85.94
2.10 164.96
2.11 10.00
2.11 20.89
2.11 43.16
2.11 87.13
2.11 167.82
2.12 10.00
2.12 20.99
2.12 43.56
2.12 88.33
2.12 170.71
2.13 10.00
2.13 21.09
2.13 43.97
2.13 89.53
2.13 173.63
2.14 10.00
2.14 21.19
2.14 44.38
2.14 90.75
2.14 176.59
2.15 10.00
2.15 21.28
2.15 44.79
2.15 91.98
2.15 179.57
2.16 10.00
2.16 21.38
2.16 45.20
2.16 93.22
2.16 182.59
2.17 10.00
2.17 21.48
2.17 45.62
2.17 94.47
2.17 185.64
2.18 10.00
2.18 21.58
2.18 46.03
2.18 95.73
2.18 188.72
2.19 10.00
2.19 21.68
2.19 46.45
2.19 97.00
2.19 191.83
2.20 10.00
2.20 21.78
2.20 46.87
2.20 98.29
2.20 194.98
2.21 10.00
2.21 21.88
2.21 47.29
2.21 99.58
2.21 198.15
2.22 10.00
2.22 21.98
2.22 47.72
2.22 100.88
2.22 201.36
2.23 10.00
2.23 22.08
2.23 48.14
2.23 102.19
2.23 204.60
2.24 10.00
2.24 22.18
2.24 48.57
2.24 103.52
2.24 207.88
2.25 10.00
2.25 22.27
2.25 49.00
2.25 104.85
2.25 211.18
2.26 10.00
2.26 22.37
2.26 49.43
2.26 106.20
2.26 214.52
2.27 10.00
2.27 22.47
2.27 49.87
2.27 107.55
2.27 217.89
2.28 10.00
2.28 22.57
2.28 50.30
2.28 108.92
2.28 221.29
2.29 10.00
2.29 22.67
2.29 50.74
2.29 110.30
2.29 224.72
2.30 10.00
2.30 22.77
2.30 51.18
2.30 111.69
2.30 228.19
2.31 10.00
2.31 22.87
2.31 51.62
2.31 113.09
2.31 231.69
2.32 10.00
2.32 22.97
2.32 52.06
2.32 114.50
2.32 235.22
2.33 10.00
2.33 23.07
2.33 52.51
2.33 115.92
2.33 238.78
2.34 10.00
2.34 23.17
2.34 52.95
2.34 117.35
2.34 242.37
2.35 10.00
2.35 23.26
2.35 53.40
2.35 118.79
2.35 246.00
2.36 10.00
2.36 23.36
2.36 53.85
2.36 120.24
2.36 249.65
2.37 10.00
2.37 23.46
2.37 54.30
2.37 121.71
2.37 253.34
2.38 10.00
2.38 23.56
2.38 54.76
2.38 123.18
2.38 257.06
2.39 10.00
2.39 23.66
2.39 55.21
2.39 124.67
2.39 260.82
2.40 10.00
2.40 23.76
2.40 55.67
2.40 126.17
2.40 264.60
2.41 10.00
2.41 23.86
2.41 56.13
2.41 127.68
2.41 268.41
2.42 10.00
2.42 23.96
2.42 56.59
2.42 129.20
2.42 272.26
2.43 10.00
2.43 24.06
2.43 57.05
2.43 130.73
2.43 276.14
2.44 10.00
2.44 24.16
2.44 57.52
2.44 132.27
2.44 280.05
2.45 10.00
2.45 24.25
2.45 57.98
2.45 133.82
2.45 283.99
2.46 10.00
2.46 24.35
2.46 58.45
2.46 135.39
2.46 287.96
2.47 10.00
2.47 24.45
2.47 58.92
2.47 136.96
2.47 291.96
2.48 10.00
2.48 24.55
2.48 59.39
2.48 138.55
2.48 296.00
2.49 10.00
2.49 24.65
2.49 59.87
2.49 140.15
2.49 300.06
2.50 10.00
2.50 24.75
2.50 60.34
2.50 141.76
2.50 304.15
2.51 10.00
2.51 24.85
2.51 60.82
2.51 143.38
2.51 308.28
2.52 10.00
2.52 24.95
2.52 61.30
2.52 145.01
2.52 312.43
2.53 10.00
2.53 25.05
2.53 61.78
2.53 146.65
2.53 316.62
2.54 10.00
2.54 25.15
2.54 62.26
2.54 148.31
2.54 320.83
2.55 10.00
2.55 25.24
2.55 62.75
2.55 149.97
2.55 325.07
2.56 10.00
2.56 25.34
2.56 63.24
2.56 151.65
2.56 329.35
2.57 10.00
2.57 25.44
2.57 63.72
2.57 153.34
2.57 333.65
2.58 10.00
2.58 25.54
2.58 64.22
2.58 155.04
2.58 337.98
2.59 10.00
2.59 25.64
2.59 64.71
2.59 156.75
2.59 342.34
2.60 10.00
2.60 25.74
2.60 65.20
2.60 158.47
2.60 346.73
2.61 10.00
2.61 25.84
2.61 65.70
2.61 160.20
2.61 351.15
2.62 10.00
2.62 25.94
2.62 66.19
2.62 161.95
2.62 355.59
2.63 10.00
2.63 26.04
2.63 66.69
2.63 163.71
2.63 360.07
2.64 10.00
2.64 26.14
2.64 67.20
2.64 165.48
2.64 364.57
2.65 10.00
2.65 26.23
2.65 67.70
2.65 167.26
2.65 369.10
2.66 10.00
2.66 26.33
2.66 68.20
2.66 169.05
2.66 373.65
2.67 10.00
2.67 26.43
2.67 68.71
2.67 170.85
2.67 378.24
2.68 10.00
2.68 26.53
2.68 69.22
2.68 172.67
2.68 382.85
2.69 10.00
2.69 26.63
2.69 69.73
2.69 174.49
2.69 387.48
2.70 10.00
2.70 26.73
2.70 70.24
2.70 176.33
2.70 392.14
2.71 10.00
2.71 26.83
2.71 70.76
2.71 178.18
2.71 396.83
2.72 10.00
2.72 26.93
2.72 71.27
2.72 180.04
2.72 401.55
2.73 10.00
2.73 27.03
2.73 71.79
2.73 181.92
2.73 406.29
2.74 10.00
2.74 27.13
2.74 72.31
2.74 183.80
2.74 411.05
2.75 10.00
2.75 27.22
2.75 72.83
2.75 185.70
2.75 415.84
2.76 10.00
2.76 27.32
2.76 73.35
2.76 187.61
2.76 420.65
2.77 10.00
2.77 27.42
2.77 73.88
2.77 189.52
2.77 425.49
2.78 10.00
2.78 27.52
2.78 74.41
2.78 191.46
2.78 430.35
2.79 10.00
2.79 27.62
2.79 74.93
2.79 193.40
2.79 435.23
2.80 10.00
2.80 27.72
2.80 75.46
2.80 195.35
2.80 440.14
2.81 10.00
2.81 27.82
2.81 76.00
2.81 197.32
2.81 445.06
2.82 10.00
2.82 27.92
2.82 76.53
2.82 199.30
2.82 450.01
2.83 10.00
2.83 28.02
2.83 77.07
2.83 201.29
2.83 454.99
2.84 10.00
2.84 28.12
2.84 77.60
2.84 203.29
2.84 459.98
2.85 10.00
2.85 28.21
2.85 78.14
2.85 205.31
2.85 464.99
2.86 10.00
2.86 28.31
2.86 78.69
2.86 207.33
2.86 470.03
2.87 10.00
2.87 28.41
2.87 79.23
2.87 209.37
2.87 475.08
2.88 10.00
2.88 28.51
2.88 79.77
2.88 211.42
2.88 480.16
2.89 10.00
2.89 28.61
2.89 80.32
2.89 213.48
2.89 485.25
2.90 10.00
2.90 28.71
2.90 80.87
2.90 215.55
2.90 490.36
2.91 10.00
2.91 28.81
2.91 81.42
2.91 217.64
2.91 495.49
2.92 10.00
2.92 28.91
2.92 81.97
2.92 219.74
2.92 500.64
2.93 10.00
2.93 29.01
2.93 82.53
2.93 221.84
2.93 505.80
2.94 10.00
2.94 29.11
2.94 83.08
2.94 223.96
2.94 510.99
2.95 10.00
2.95 29.20
2.95 83.64
2.95 226.10
2.95 516.18
2.96 10.00
2.96 29.30
2.96 84.20
2.96 228.24
2.96 521.40
2.97 10.00
2.97 29.40
2.97 84.76
2.97 230.40
2.97 526.62
2.98 10.00
2.98 29.50
2.98 85.32
2.98 232.57
2.98 531.87
2.99 10.00
2.99 29.60
2.99 85.89
2.99 234.75
2.99 537.13
3.00 10.00
3.00 29.70
3.00 86.45
3.00 236.94
3.00 542.40
3.01 10.00
3.01 29.80
3.01 87.02
3.01 239.14
3.01 547.68
3.02 10.00
3.02 29.90
3.02 87.59
3.02 241.36
3.02 552.98
3.03 10.00
3.03 30.00
3.03 88.16
3.03 243.59
3.03 558.28
3.04 10.00
3.04 30.10
3.04 88.74
3.04 245.83
3.04 563.60
3.05 10.00
3.05 30.19
3.05 89.31
3.05 248.08
3.05 568.93
3.06 10.00
3.06 30.29
3.06 89.89
3.06 250.34
3.06 574.27
3.07 10.00
3.07 30.39
3.07 90.47
3.07 252.62
3.07 579.62
3.08 10.00
3.08 30.49
3.08 91.05
3.08 254.90
3.08 584.98
3.09 10.00
3.09 30.59
3.09 91.63
3.09 257.20
3.09 590.35
3.10 10.00
3.10 30.69
3.10 92.22
3.10 259.52
3.10 595.72
3.11 10.00
3.11 30.79
3.11 92.81
3.11 261.84
3.11 601.10
3.12 10.00
3.12 30.89
3.12 93.39
3.12 264.17
3.12 606.49
3.13 10.00
3.13 30.99
3.13 93.98
3.13 266.52
3.13 611.88
3.14 10.00
3.14 31.09
3.14 94.58
3.14 268.88
3.14 617.28
3.15 10.00
3.15 31.18
3.15 95.17
3.15 271.25
3.15 622.68
3.16 10.00
3.16 31.28
3.16 95.76
3.16 273.64
3.16 628.08
3.17 10.00
3.17 31.38
3.17 96.36
3.17 276.03
3.17 633.49
3.18 10.00
3.18 31.48
3.18 96.96
3.18 278.44
3.18 638.90
3.19 10.00
3.19 31.58
3.19 97.56
3.19 280.86
3.19 644.31
3.20 10.00
3.20 31.68
3.20 98.16
3.20 283.29
3.20 649.72
3.21 10.00
3.21 31.78
3.21 98.77
3.21 285.73
3.21 655.13
3.22 10.00
3.22 31.88
3.22 99.37
3.22 288.19
3.22 660.54
3.23 10.00
3.23 31.98
3.23 99.98
3.23 290.66
3.23 665.95
3.24 10.00
3.24 32.08
3.24 100.59
3.24 293.14
3.24 671.35
3.25 10.00
3.25 32.17
3.25 101.20
3.25 295.63
3.25 676.75
3.26 10.00
3.26 32.27
3.26 101.82
3.26 298.13
3.26 682.15
3.27 10.00
3.27 32.37
3.27 102.43
3.27 300.64
3.27 687.54
3.28 10.00
3.28 32.47
3.28 103.05
3.28 303.17
3.28 692.93
3.29 10.00
3.29 32.57
3.29 103.67
3.29 305.71
3.29 698.31
3.30 10.00
3.30 32.67
3.30 104.29
3.30 308.26
3.30 703.68
3.31 10.00
3.31 32.77
3.31 104.91
3.31 310.82
3.31 709.04
3.32 10.00
3.32 32.87
3.32 105.54
3.32 313.40
3.32 714.40
3.33 10.00
3.33 32.97
3.33 106.16
3.33 315.99
3.33 719.74
3.34 10.00
3.34 33.07
3.34 106.79
3.34 318.59
3.34 725.08
3.35 10.00
3.35 33.16
3.35 107.42
3.35 321.20
3.35 730.40
3.36 10.00
3.36 33.26
3.36 108.05
3.36 323.82
3.36 735.71
3.37 10.00
3.37 33.36
3.37 108.68
3.37 326.45
3.37 741.00
3.38 10.00
3.38 33.46
3.38 109.32
3.38 329.10
3.38 746.28
3.39 10.00
3.39 33.56
3.39 109.95
3.39 331.76
3.39 751.54
3.40 10.00
3.40 33.66
3.40 110.59
3.40 334.43
3.40 756.79
3.41 10.00
3.41 33.76
3.41 111.23
3.41 337.11
3.41 762.02
3.42 10.00
3.42 33.86
3.42 111.87
3.42 339.80
3.42 767.23
3.43 10.00
3.43 33.96
3.43 112.52
3.43 342.51
3.43 772.43
3.44 10.00
3.44 34.06
3.44 113.16
3.44 345.23
3.44 777.60
3.45 10.00
3.45 34.15
3.45 113.81
3.45 347.96
3.45 782.75
3.46 10.00
3.46 34.25
3.46 114.46
3.46 350.70
3.46 787.87
3.47 10.00
3.47 34.35
3.47 115.11
3.47 353.45
3.47 792.98
3.48 10.00
3.48 34.45
3.48 115.76
3.48 356.22
3.48 798.06
3.49 10.00
3.49 34.55
3.49 116.42
3.49 358.99
3.49 803.11
3.50 10.00
3.50 34.65
3.50 117.07
3.50 361.78
3.50 808.14
3.51 10.00
3.51 34.75
3.51 117.73
3.51 364.58
3.51 813.14
3.52 10.00
3.52 34.85
3.52 118.39
3.52 367.40
3.52 818.11
3.53 10.00
3.53 34.95
3.53 119.05
3.53 370.22
3.53 823.05
3.54 10.00
3.54 35.05
3.54 119.71
3.54 373.06
3.54 827.95
3.55 10.00
3.55 35.14
3.55 120.38
3.55 375.90
3.55 832.83
3.56 10.00
3.56 35.24
3.56 121.05
3.56 378.76
3.56 837.67
3.57 10.00
3.57 35.34
3.57 121.72
3.57 381.63
3.57 842.48
3.58 10.00
3.58 35.44
3.58 122.39
3.58 384.52
3.58 847.26
3.59 10.00
3.59 35.54
3.59 123.06
3.59 387.41
3.59 851.99
3.60 10.00
3.60 35.64
3.60 123.73
3.60 390.32
3.60 856.69
3.61 10.00
3.61 35.74
3.61 124.41
3.61 393.24
3.61 861.35
3.62 10.00
3.62 35.84
3.62 125.08
3.62 396.17
3.62 865.97
3.63 10.00
3.63 35.94
3.63 125.76
3.63 399.11
3.63 870.55
3.64 10.00
3.64 36.04
3.64 126.44
3.64 402.06
3.64 875.08
3.65 10.00
3.65 36.13
3.65 127.13
3.65 405.02
3.65 879.58
3.66 10.00
3.66 36.23
3.66 127.81
3.66 408.00
3.66 884.02
3.67 10.00
3.67 36.33
3.67 128.50
3.67 410.99
3.67 888.42
3.68 10.00
3.68 36.43
3.68 129.19
3.68 413.99
3.68 892.77
3.69 10.00
3.69 36.53
3.69 129.88
3.69 417.00
3.69 897.08
3.70 10.00
3.70 36.63
3.70 130.57
3.70 420.02
3.70 901.33
3.71 10.00
3.71 36.73
3.71 131.26
3.71 423.05
3.71 905.53
3.72 10.00
3.72 36.83
3.72 131.95
3.72 426.10
3.72 909.68
3.73 10.00
3.73 36.93
3.73 132.65
3.73 429.16
3.73 913.78
3.74 10.00
3.74 37.03
3.74 133.35
3.74 432.22
3.74 917.82
3.75 10.00
3.75 37.12
3.75 134.05
3.75 435.30
3.75 921.80
3.76 10.00
3.76 37.22
3.76 134.75
3.76 438.39
3.76 925.73
3.77 10.00
3.77 37.32
3.77 135.46
3.77 441.50
3.77 929.60
3.78 10.00
3.78 37.42
3.78 136.16
3.78 444.61
3.78 933.40
3.79 10.00
3.79 37.52
3.79 136.87
3.79 447.73
3.79 937.15
3.80 10.00
3.80 37.62
3.80 137.58
3.80 450.87
3.80 940.83
3.81 10.00
3.81 37.72
3.81 138.29
3.81 454.02
3.81 944.44
3.82 10.00
3.82 37.82
3.82 139.00
3.82 457.18
3.82 948.00
3.83 10.00
3.83 37.92
3.83 139.72
3.83 460.35
3.83 951.48
3.84 10.00
3.84 38.02
3.84 140.43
3.84 463.53
3.84 954.89
3.85 10.00
3.85 38.11
3.85 141.15
3.85 466.72
3.85 958.24
3.86 10.00
3.86 38.21
3.86 141.87
3.86 469.93
3.86 961.51
3.87 10.00
3.87 38.31
3.87 142.59
3.87 473.14
3.87 964.71
3.88 10.00
3.88 38.41
3.88 143.31
3.88 476.37
3.88 967.83
3.89 10.00
3.89 38.51
3.89 144.04
3.89 479.60
3.89 970.88
3.90 10.00
3.90 38.61
3.90 144.77
3.90 482.85
3.90 973.85
3.91 10.00
3.91 38.71
3.91 145.49
3.91 486.11
3.91 976.75
3.92 10.00
3.92 38.81
3.92 146.22
3.92 489.38
3.92 979.56
3.93 10.00
3.93 38.91
3.93 146.96
3.93 492.66
3.93 982.29
3.94 10.00
3.94 39.01
3.94 147.69
3.94 495.96
3.94 984.94
3.95 10.00
3.95 39.10
3.95 148.42
3.95 499.26
3.95 987.50
3.96 10.00
3.96 39.20
3.96 149.16
3.96 502.57
3.96 989.97
3.97 10.00
3.97 39.30
3.97 149.90
3.97 505.90
3.97 992.36
3.98 10.00
3.98 39.40
3.98 150.64
3.98 509.23
3.98 994.66
3.99 10.00
3.99 39.50
3.99 151.38
3.99 512.58
3.99 996.87
4.00 10.00
4.00 39.60
4.00 152.13
4.00 515.94
4.00 998.98
